{
 "cells": [
  {
   "cell_type": "code",
   "execution_count": 14,
   "metadata": {},
   "outputs": [
    {
     "name": "stdout",
     "output_type": "stream",
     "text": [
      "The autoreload extension is already loaded. To reload it, use:\n",
      "  %reload_ext autoreload\n"
     ]
    }
   ],
   "source": [
    "\n",
    "\n",
    "import os\n",
    "import pickle\n",
    "from tqdm.notebook import tqdm\n",
    "# Set the brt-devkit environment to `prod`\n",
    "os.environ['BRT_ENV'] = 'prod'\n",
    "# Set the directory where assets will be downloaded. brtdevkit will automatically use this directory\n",
    "# to download dataset assets if a path is not passed. useful for when you have assets downloaded already\n",
    "# so that assets are not downloaded again if already there\n",
    "os.environ['ASSET_DIR'] = '~/.brt'  # this is the value by default\n",
    "import brtdevkit\n",
    "# from brtdevkit.data import Dataset\n",
    "# from brtdevkit.core.db.athena import AthenaClient, Table\n",
    "# import sys\n",
    "# import boto3, imageio, io\n",
    "sys.path.append('/home/aravindvenugopal/JupiterCVML/europa/base/src/europa')\n",
    "brtdevkit.log_level = 'debug'\n",
    "import numpy as np\n",
    "import pandas as pd\n",
    "from datetime import datetime\n",
    "from helpers.transforms import compute_transforms_all\n",
    "import time\n",
    "import matplotlib.pyplot as plt\n",
    "from dl.utils.io_utils import normalize_image\n",
    "from helpers.spatiotemp_helpers import get_dataframe, image_from_s3, get_groups, store_data_single_frame, store_data_sequence\n",
    "from helpers.spatiotemp_viz import visualize_data#image, visualize_cloud, fuse_cloud, visualize_fused_cloud\n",
    "s3 = boto3.resource('s3')\n",
    "%matplotlib inline\n",
    "# from mpl_toolkits.mplot3d import Axes3D\n",
    "from aletheia_dataset_creator.dataset_tools.aletheia_dataset_helpers import *\n",
    "from aletheia_dataset_creator.config.dataset_config import * \n",
    "%load_ext autoreload\n",
    "%autoreload 2\n",
    "time_series = True\n",
    "\n"
   ]
  },
  {
   "cell_type": "code",
   "execution_count": 15,
   "metadata": {},
   "outputs": [],
   "source": [
    "dataset_idx = 0\n",
    "directory = [f'{os.environ[\"DATASET_PATH\"]}/halo_all_cam_labeled_dataset', '/data2/jupiter/datasets/20231017_halo_rgb_labeled_excluded_bad_iq', '/data/jupiter/datasets/iq_2023_v5_anno'][dataset_idx]\n",
    "csv_name = ['master_annotations.csv', '653a7a0a3c2d8ab221f6d915_master_annotations.csv','64dfcc1de5a41169c7deb205_master_annotations.csv'][dataset_idx]\n",
    "\n",
    "save_path = directory + \"/sp_samples_\" #to save output of PP\n",
    "pp_path = directory + \"/processed/images/\"  #dir containing PP outputs"
   ]
  },
  {
   "cell_type": "code",
   "execution_count": 16,
   "metadata": {},
   "outputs": [],
   "source": [
    "halo_mcsv_path = directory + '/' + csv_name\n",
    "halo_mcsv = pd.read_csv(halo_mcsv_path).drop_duplicates()"
   ]
  },
  {
   "cell_type": "code",
   "execution_count": 12,
   "metadata": {},
   "outputs": [
    {
     "name": "stderr",
     "output_type": "stream",
     "text": [
      "\u001b[31;1m2023-11-16 14:50:54,948 - APIRequestor - ERROR - Timeout/Connection error, sleeping for 2 second(s)\n",
      "\u001b[0mERROR:APIRequestor:Timeout/Connection error, sleeping for 2 second(s)\n",
      "\u001b[31;1m2023-11-16 14:50:57,302 - APIRequestor - ERROR - API error received | error_code : 403, error_message : {'extra': {'role_name': 'token_exchange'}, 'message': 'Role token_exchange is required to make this API call'}\n",
      "\u001b[0mERROR:APIRequestor:API error received | error_code : 403, error_message : {'extra': {'role_name': 'token_exchange'}, 'message': 'Role token_exchange is required to make this API call'}\n",
      "WARNING:root:Failed to refresh AWS Credential\n",
      "WARNING:root:Some functionalities (S3, Athena, etc) not useable {'extra': {'role_name': 'token_exchange'}, 'message': 'Role token_exchange is required to make this API call'}\n",
      "INFO:botocore.tokens:Loading cached SSO token for brt\n"
     ]
    },
    {
     "name": "stdout",
     "output_type": "stream",
     "text": [
      "70\n",
      "starting loop\n",
      "7\n"
     ]
    }
   ],
   "source": [
    "loc_dict =  {'T01': 0, 'T02': 1, 'T03': 2,'T04': 4,\n",
    "'T05': 5, 'T06': 6, 'T07': 7, 'T08': 8,\n",
    "'T09': 9, 'T10': 10, 'T11': 11,'T12': 12,\n",
    "'T13': 13, 'T14': 14, 'T15': 15, 'T16': 16}\n",
    "\n",
    "keys = loc_dict.keys()\n",
    "df = get_dataframe('halo_all_cam_labeled_dataset')\n",
    "print(len(df))\n",
    "groups, ids = get_groups(df, keys, halo=True, halo_mcsv=halo_mcsv) #list of dicts, each dict corresponds to a group ID, sorted by timestamp\n",
    "print(len(ids))"
   ]
  },
  {
   "cell_type": "code",
   "execution_count": 23,
   "metadata": {},
   "outputs": [
    {
     "data": {
      "text/plain": [
       "{'T01': None,\n",
       " 'T02': None,\n",
       " 'T03': None,\n",
       " 'T04': None,\n",
       " 'T05': None,\n",
       " 'T06': None,\n",
       " 'T07': None,\n",
       " 'T08': None,\n",
       " 'T09': '64de71bbc1ffeada36c3a2ef',\n",
       " 'T10': '64de71c21cdb4debd0823ac8',\n",
       " 'T11': '64de71c5c1ffeada36c3a2fe',\n",
       " 'T12': '64de71ba9f3b577ba78f9bc2',\n",
       " 'T13': '64de71c045147d9d6a85635a',\n",
       " 'T14': '64de71bdb891b1ff255d3cdf',\n",
       " 'T15': '64de71bfb891b1ff255d3ce7',\n",
       " 'T16': '64de71c427e79b61245c3feb',\n",
       " 'length': 10,\n",
       " 'group_id': 'b1662dfb57b04a15881c9673a880e053',\n",
       " 'ts_first': numpy.datetime64('2023-08-14T21:31:10.043000'),\n",
       " 'ts_last': numpy.datetime64('2023-08-14T21:31:10.088000'),\n",
       " 'transforms': {'T01': None,\n",
       "  'T02': None,\n",
       "  'T03': None,\n",
       "  'T04': None,\n",
       "  'T05': None,\n",
       "  'T06': None,\n",
       "  'T07': None,\n",
       "  'T08': None,\n",
       "  'T09': {'T11': {'intrinsics': {'k': [1430.26953125,\n",
       "      0.0,\n",
       "      952.4344482421875,\n",
       "      0.0,\n",
       "      1430.26953125,\n",
       "      610.9564819335938,\n",
       "      0.0,\n",
       "      0.0,\n",
       "      1.0],\n",
       "     'd': [-0.39831337332725525,\n",
       "      0.19946284592151642,\n",
       "      0.00022052868735045195,\n",
       "      -0.00026874308241531253,\n",
       "      -0.056683193892240524,\n",
       "      0.0,\n",
       "      0.0,\n",
       "      0.0],\n",
       "     'height': 1204,\n",
       "     'width': 1944},\n",
       "    'extrinsics': {'t': [1.7182695865631104,\n",
       "      0.2778378129005432,\n",
       "      -1.193153738975525],\n",
       "     'r_rodrigues': [1.8067392757188725,\n",
       "      0.7483760614962292,\n",
       "      -0.5240185032882743],\n",
       "     'r': [0.707106646898641,\n",
       "      0.7071069154744252,\n",
       "      -6.905428700870003e-08,\n",
       "      0.24184494065461665,\n",
       "      -0.24184494056425265,\n",
       "      -0.9396925291834761,\n",
       "      -0.6644631025057189,\n",
       "      0.6644628167262012,\n",
       "      -0.3420203950011713]},\n",
       "    'cal_height': 1204,\n",
       "    'cal_width': 1944}},\n",
       "  'T10': {'T12': {'intrinsics': {'k': [1432.6951904296875,\n",
       "      0.0,\n",
       "      945.963623046875,\n",
       "      0.0,\n",
       "      1432.6951904296875,\n",
       "      607.1267700195312,\n",
       "      0.0,\n",
       "      0.0,\n",
       "      1.0],\n",
       "     'd': [-0.3994424045085907,\n",
       "      0.2020096480846405,\n",
       "      -0.00019157977658323944,\n",
       "      -0.00013208955351728946,\n",
       "      -0.058676764369010925,\n",
       "      0.0,\n",
       "      0.0,\n",
       "      0.0],\n",
       "     'height': 1204,\n",
       "     'width': 1944},\n",
       "    'extrinsics': {'t': [-0.23817132413387299,\n",
       "      0.5610001683235168,\n",
       "      -1.966912865638733],\n",
       "     'r_rodrigues': [1.3302857270791053,\n",
       "      1.6669700404011258,\n",
       "      -1.2044781491064354],\n",
       "     'r': [-0.24774372069075934,\n",
       "      0.9680688395595429,\n",
       "      -0.038285385359678716,\n",
       "      0.3403092433022424,\n",
       "      0.0499551764311571,\n",
       "      -0.9389856757537823,\n",
       "      -0.9070902203096196,\n",
       "      -0.24565667550785586,\n",
       "      -0.341818855531806]},\n",
       "    'cal_height': 1204,\n",
       "    'cal_width': 1944},\n",
       "   'T11': {'intrinsics': {'k': [1432.6951904296875,\n",
       "      0.0,\n",
       "      945.963623046875,\n",
       "      0.0,\n",
       "      1432.6951904296875,\n",
       "      607.1267700195312,\n",
       "      0.0,\n",
       "      0.0,\n",
       "      1.0],\n",
       "     'd': [-0.3994424045085907,\n",
       "      0.2020096480846405,\n",
       "      -0.00019157977658323944,\n",
       "      -0.00013208955351728946,\n",
       "      -0.058676764369010925,\n",
       "      0.0,\n",
       "      0.0,\n",
       "      0.0],\n",
       "     'height': 1204,\n",
       "     'width': 1944},\n",
       "    'extrinsics': {'t': [-0.23817132413387299,\n",
       "      0.5610001683235168,\n",
       "      -1.966912865638733],\n",
       "     'r_rodrigues': [1.3302857270791053,\n",
       "      1.6669700404011258,\n",
       "      -1.2044781491064354],\n",
       "     'r': [-0.24774372069075934,\n",
       "      0.9680688395595429,\n",
       "      -0.038285385359678716,\n",
       "      0.3403092433022424,\n",
       "      0.0499551764311571,\n",
       "      -0.9389856757537823,\n",
       "      -0.9070902203096196,\n",
       "      -0.24565667550785586,\n",
       "      -0.341818855531806]},\n",
       "    'cal_height': 1204,\n",
       "    'cal_width': 1944}},\n",
       "  'T11': None,\n",
       "  'T12': None,\n",
       "  'T13': {'T15': {'intrinsics': {'k': [1439.683837890625,\n",
       "      0.0,\n",
       "      954.9971313476562,\n",
       "      0.0,\n",
       "      1439.683837890625,\n",
       "      610.6838989257812,\n",
       "      0.0,\n",
       "      0.0,\n",
       "      1.0],\n",
       "     'd': [-0.4003143608570099,\n",
       "      0.2044573873281479,\n",
       "      -0.0002789039572235197,\n",
       "      2.3011862140265293e-05,\n",
       "      -0.06055636331439018,\n",
       "      0.0,\n",
       "      0.0,\n",
       "      0.0],\n",
       "     'height': 1204,\n",
       "     'width': 1944},\n",
       "    'extrinsics': {'t': [1.7978793382644653,\n",
       "      -0.11508108675479889,\n",
       "      0.10783590376377106],\n",
       "     'r_rodrigues': [1.8188491264219573,\n",
       "      -0.7225388330470117,\n",
       "      0.5584249678147695],\n",
       "     'r': [0.7085038588524271,\n",
       "      -0.7047030943943597,\n",
       "      0.03762752639005507,\n",
       "      -0.21406579081342547,\n",
       "      -0.26541522082817814,\n",
       "      -0.9400694643249254,\n",
       "      0.6724567786814577,\n",
       "      0.6579880768705034,\n",
       "      -0.3389005333451298]},\n",
       "    'cal_height': 1204,\n",
       "    'cal_width': 1944}},\n",
       "  'T14': {'T16': {'intrinsics': {'k': [1432.9178466796875,\n",
       "      0.0,\n",
       "      950.98193359375,\n",
       "      0.0,\n",
       "      1432.9178466796875,\n",
       "      610.1163330078125,\n",
       "      0.0,\n",
       "      0.0,\n",
       "      1.0],\n",
       "     'd': [-0.3998055160045624,\n",
       "      0.20235703885555267,\n",
       "      -5.538516052183695e-05,\n",
       "      -5.41627814527601e-05,\n",
       "      -0.05864125117659569,\n",
       "      0.0,\n",
       "      0.0,\n",
       "      0.0],\n",
       "     'height': 1204,\n",
       "     'width': 1944},\n",
       "    'extrinsics': {'t': [0.9645842909812927,\n",
       "      0.43388423323631287,\n",
       "      -1.3697094917297363],\n",
       "     'r_rodrigues': [1.9379029873596976,\n",
       "      0.27092415423232813,\n",
       "      -0.14035646496451376],\n",
       "     'r': [0.9665902431890429,\n",
       "      0.2545565553474358,\n",
       "      0.03007094779674858,\n",
       "      0.12226363023803385,\n",
       "      -0.3547547410157057,\n",
       "      -0.926930784065292,\n",
       "      -0.22528849613942625,\n",
       "      0.8996388352314096,\n",
       "      -0.3740254799485032]},\n",
       "    'cal_height': 1204,\n",
       "    'cal_width': 1944},\n",
       "   'T15': {'intrinsics': {'k': [1432.9178466796875,\n",
       "      0.0,\n",
       "      950.98193359375,\n",
       "      0.0,\n",
       "      1432.9178466796875,\n",
       "      610.1163330078125,\n",
       "      0.0,\n",
       "      0.0,\n",
       "      1.0],\n",
       "     'd': [-0.3998055160045624,\n",
       "      0.20235703885555267,\n",
       "      -5.538516052183695e-05,\n",
       "      -5.41627814527601e-05,\n",
       "      -0.05864125117659569,\n",
       "      0.0,\n",
       "      0.0,\n",
       "      0.0],\n",
       "     'height': 1204,\n",
       "     'width': 1944},\n",
       "    'extrinsics': {'t': [0.9645842909812927,\n",
       "      0.43388423323631287,\n",
       "      -1.3697094917297363],\n",
       "     'r_rodrigues': [1.9379029873596976,\n",
       "      0.27092415423232813,\n",
       "      -0.14035646496451376],\n",
       "     'r': [0.9665902431890429,\n",
       "      0.2545565553474358,\n",
       "      0.03007094779674858,\n",
       "      0.12226363023803385,\n",
       "      -0.3547547410157057,\n",
       "      -0.926930784065292,\n",
       "      -0.22528849613942625,\n",
       "      0.8996388352314096,\n",
       "      -0.3740254799485032]},\n",
       "    'cal_height': 1204,\n",
       "    'cal_width': 1944}},\n",
       "  'T15': None,\n",
       "  'T16': None}}"
      ]
     },
     "execution_count": 23,
     "metadata": {},
     "output_type": "execute_result"
    }
   ],
   "source": [
    "groups[0]"
   ]
  },
  {
   "cell_type": "code",
   "execution_count": 6,
   "metadata": {},
   "outputs": [
    {
     "name": "stdout",
     "output_type": "stream",
     "text": [
      "(393216, 3)\n",
      "camera locations: T09 T11\n",
      "(327680, 3)\n",
      "camera locations: T10 T11\n",
      "(393216, 3)\n",
      "camera locations: T10 T12\n",
      "(393216, 3)\n",
      "camera locations: T13 T15\n",
      "(393216, 3)\n",
      "camera locations: T14 T16\n",
      "(327680, 3)\n",
      "camera locations: T14 T15\n"
     ]
    }
   ],
   "source": [
    "all_lefts, unrect_all_clouds = visualize_data(groups[0], keys, pp_path, viz = False, halo = True)  #here, we get 6 image pairs and 6 clouds"
   ]
  },
  {
   "cell_type": "code",
   "execution_count": 27,
   "metadata": {},
   "outputs": [],
   "source": [
    "import open3d as o3d \n",
    "import copy\n",
    "\n",
    "def get_T(pts, group_info, left_cam_loc, right_cam_loc, transforms):\n",
    "    \n",
    "    calib_data = transforms[left_cam_loc][right_cam_loc]\n",
    "    rot = np.array(calib_data[\"extrinsics\"]['r']).reshape(3, 3)\n",
    "    tran = list(calib_data[\"extrinsics\"]['t'])\n",
    "    \n",
    "    T = np.eye(4)\n",
    "    T[:3, :3] = rot\n",
    "    T[:-1, -1] = tran\n",
    "    print(T)\n",
    "    return T\n",
    "\n",
    "def transform_cloud_halo(cloud, left_cam_loc, right_cam_loc, transforms, group_info=None, halo = False, reshape = False):\n",
    "    pts = o3d.geometry.PointCloud()\n",
    "    cloud_filt = cloud.copy()\n",
    "    #if(not reshape):\n",
    "    #    cloud_filt[cloud_filt[:, -1] > 40] = 0\n",
    "    pts.points = o3d.utility.Vector3dVector(cloud_filt)\n",
    "\n",
    "    T = get_T(pts, group_info, left_cam_loc, right_cam_loc, transforms) \n",
    "\n",
    "    pts_new = copy.deepcopy(pts).transform(np.linalg.inv(T))\n",
    "    \n",
    "    return np.array(pts_new.points)\n",
    "    \n",
    "   \n",
    "def transform_all_clouds_halo(all_clouds, group_info=None, halo = False, reshape = False, ext_transforms = None):\n",
    "\n",
    "\n",
    "    if(ext_transforms is not None):\n",
    "        transforms = ext_transforms\n",
    "\n",
    "    transformed_clouds = {}\n",
    "    for i, key in enumerate(all_clouds):  \n",
    "        print(key)\n",
    "        locs = key.split('_')\n",
    "        left_loc, right_loc = locs[0], locs[1]\n",
    "\n",
    "        if(all_clouds[key] is not None):\n",
    "            new_cloud = transform_cloud_halo(all_clouds[key], left_loc, right_loc, transforms, group_info, halo, reshape)\n",
    "            print(new_cloud)\n",
    "            #if(not reshape):\n",
    "            #    new_cloud[new_cloud[:, -1]<0] = 0\n",
    "            if(reshape):\n",
    "                new_cloud = new_cloud.reshape((512, 1024, 3))\n",
    "            transformed_clouds[key] = new_cloud.copy()\n",
    "    return transformed_clouds"
   ]
  },
  {
   "cell_type": "code",
   "execution_count": 28,
   "metadata": {},
   "outputs": [
    {
     "name": "stdout",
     "output_type": "stream",
     "text": [
      "T09_T11\n",
      "[[ 7.07106647e-01  7.07106915e-01 -6.90542870e-08  1.71826959e+00]\n",
      " [ 2.41844941e-01 -2.41844941e-01 -9.39692529e-01  2.77837813e-01]\n",
      " [-6.64463103e-01  6.64462817e-01 -3.42020395e-01 -1.19315374e+00]\n",
      " [ 0.00000000e+00  0.00000000e+00  0.00000000e+00  1.00000000e+00]]\n",
      "[[-139.90136462  118.04555737  102.0465517 ]\n",
      " [-139.83751991  118.9996305   102.00758098]\n",
      " [-139.77420913  119.94572488  101.96893616]\n",
      " ...\n",
      " [  -5.85805293    6.05435173   -3.60056188]\n",
      " [  -5.83938771    6.03167659   -3.58486323]\n",
      " [  -5.82253218    6.01009585   -3.56989156]]\n",
      "T10_T11\n",
      "[[-0.24774372  0.96806884 -0.03828539 -0.23817132]\n",
      " [ 0.34030924  0.04995518 -0.93898568  0.56100017]\n",
      " [-0.90709022 -0.24565668 -0.34181886 -1.96691287]\n",
      " [ 0.          0.          0.          1.        ]]\n",
      "[[-148.32832556 -296.9200278   114.31397333]\n",
      " [-148.32832556 -296.9200278   114.31397333]\n",
      " [-148.32832556 -296.9200278   114.31397333]\n",
      " ...\n",
      " [  -6.69051208    2.6200231    -4.26764576]\n",
      " [  -6.68164272    2.62327578   -4.26011199]\n",
      " [  -6.67277344    2.62652847   -4.252578  ]]\n",
      "T10_T12\n",
      "[[-0.24774372  0.96806884 -0.03828539 -0.23817132]\n",
      " [ 0.34030924  0.04995518 -0.93898568  0.56100017]\n",
      " [-0.90709022 -0.24565668 -0.34181886 -1.96691287]\n",
      " [ 0.          0.          0.          1.        ]]\n",
      "[[-135.84611947 -302.07290338  116.10267689]\n",
      " [-135.84611947 -302.07290338  116.10267689]\n",
      " [-135.84611947 -302.07290338  116.10267689]\n",
      " ...\n",
      " [  -7.04539793   -0.86672737   -3.94453642]\n",
      " [  -7.02432831   -0.85619858   -3.92822025]\n",
      " [  -7.00236716   -0.84461828   -3.91158889]]\n",
      "T13_T15\n",
      "[[ 0.70850386 -0.70470309  0.03762753  1.79787934]\n",
      " [-0.21406579 -0.26541522 -0.94006946 -0.11508109]\n",
      " [ 0.67245678  0.65798808 -0.33890053  0.1078359 ]\n",
      " [ 0.          0.          0.          1.        ]]\n",
      "[[ 27.89535401 144.70010402 106.11639148]\n",
      " [ 28.85535696 144.61245909 106.11352381]\n",
      " [ 29.81735147 144.52463233 106.11065019]\n",
      " ...\n",
      " [  6.66702175   5.54103954  -4.22958401]\n",
      " [  6.6664155    5.53424735  -4.22494759]\n",
      " [  6.66692348   5.52864231  -4.21972025]]\n",
      "T14_T16\n",
      "[[ 0.96659024  0.25455656  0.03007095  0.96458429]\n",
      " [ 0.12226363 -0.35475474 -0.92693078  0.43388423]\n",
      " [-0.2252885   0.89963884 -0.37402548 -1.36970949]\n",
      " [ 0.          0.          0.          1.        ]]\n",
      "[[-301.97894824  147.63063226  102.95903122]\n",
      " [-301.97894824  147.63063226  102.95903122]\n",
      " [-301.97894824  147.63063226  102.95903122]\n",
      " ...\n",
      " [  -2.09021372    6.3486754    -4.02660235]\n",
      " [  -2.07910364    6.33630253   -4.01735712]\n",
      " [  -2.06799351    6.32392961   -4.00811201]]\n",
      "T14_T15\n",
      "[[ 0.96659024  0.25455656  0.03007095  0.96458429]\n",
      " [ 0.12226363 -0.35475474 -0.92693078  0.43388423]\n",
      " [-0.2252885   0.89963884 -0.37402548 -1.36970949]\n",
      " [ 0.          0.          0.          1.        ]]\n",
      "[[-273.09630703  159.67529426  105.70757418]\n",
      " [-273.69176299  159.7008347   105.70997831]\n",
      " [-274.294201    159.72667462  105.71241064]\n",
      " ...\n",
      " [   1.29306165    5.20942558   -3.78544322]\n",
      " [   1.30111264    5.21059619   -3.78712029]\n",
      " [   1.31014276    5.21114451   -3.78751161]]\n",
      "(2228224, 3) (2228224, 3)\n"
     ]
    }
   ],
   "source": [
    "from helpers.transforms_fixed import visualize_fused_cloud\n",
    "#from helpers.spatiotemp_viz import visualize_data, plot_cloud\n",
    "transformed_clouds = transform_all_clouds_halo(unrect_all_clouds.copy(), halo = True, ext_transforms = groups[0]['transforms']) #DONE\n",
    "cloud_obj = visualize_fused_cloud(transformed_clouds, all_lefts, 0, 6) #DONe"
   ]
  }
 ],
 "metadata": {
  "kernelspec": {
   "display_name": "cvml",
   "language": "python",
   "name": "python3"
  },
  "language_info": {
   "codemirror_mode": {
    "name": "ipython",
    "version": 3
   },
   "file_extension": ".py",
   "mimetype": "text/x-python",
   "name": "python",
   "nbconvert_exporter": "python",
   "pygments_lexer": "ipython3",
   "version": "3.8.18"
  }
 },
 "nbformat": 4,
 "nbformat_minor": 2
}
